{
  "advancedEditorSelectedIdentifier" : "ProjectBrowser",
  "openSceneRelativePaths" : [
    "Immersive.usda"
  ],
  "recentIdentifiers" : {
    "AF09ED6F-1707-48FD-8720-65B998362C09" : [

    ]
  },
  "sceneCameraHistory" : {
    "AF09ED6F-1707-48FD-8720-65B998362C09" : [
      {
        "date" : 785411246.536923,
        "title" : "Untitled",
        "transform" : [
          0.99779123,
          2.4760631e-09,
          -0.06642817,
          0,
          -0.039436467,
          0.804708,
          -0.59235954,
          0,
          0.053455275,
          0.59367085,
          0.80293053,
          0,
          0.024812479,
          0.17463255,
          0.39632255,
          1
        ]
      },
      {
        "date" : 785411192.940777,
        "title" : "Untitled",
        "transform" : [
          0.99779123,
          2.4760631e-09,
          -0.06642817,
          0,
          -0.039436467,
          0.804708,
          -0.59235954,
          0,
          0.053455275,
          0.59367085,
          0.80293053,
          0,
          0.26741147,
          1.882067,
          4.2712855,
          1
        ]
      },
      {
        "date" : 785411191.939918,
        "title" : "Untitled",
        "transform" : [
          0.99779123,
          2.7610696e-09,
          -0.06642816,
          0,
          -0.039436463,
          0.804708,
          -0.59235954,
          0,
          0.053455275,
          0.59367085,
          0.8029306,
          0,
          0.049639083,
          2.5501359,
          0.74561465,
          1
        ]
      },
      {
        "date" : 785411190.086323,
        "title" : "Untitled",
        "transform" : [
          0.99779123,
          2.7610696e-09,
          -0.06642816,
          0,
          -0.039436463,
          0.804708,
          -0.59235954,
          0,
          0.053455275,
          0.59367085,
          0.8029306,
          0,
          0.04209782,
          2.4663832,
          0.6323404,
          1
        ]
      },
      {
        "date" : 785411177.882746,
        "title" : "Untitled",
        "transform" : [
          0.26934138,
          1.8564366e-08,
          -0.9630448,
          0,
          -0.7309623,
          0.65107703,
          -0.20443323,
          0,
          0.6270163,
          0.7590116,
          0.17536207,
          0,
          -3.7020072e-08,
          0,
          -1.5890691e-08,
          1
        ]
      },
      {
        "date" : 785411171.234607,
        "title" : "Untitled",
        "transform" : [
          0.26934138,
          1.8564366e-08,
          -0.9630448,
          0,
          -0.7309623,
          0.65107703,
          -0.20443323,
          0,
          0.6270163,
          0.7590116,
          0.17536207,
          0,
          0.00011987729,
          0.0001451582,
          3.352215e-05,
          1
        ]
      },
      {
        "date" : 785411145.784896,
        "title" : "Untitled",
        "transform" : [
          0.2693414,
          1.8564368e-08,
          -0.96304494,
          0,
          -0.73096234,
          0.6510771,
          -0.20443326,
          0,
          0.6270163,
          0.7590116,
          0.17536207,
          0,
          36.702805,
          44.42924,
          10.264928,
          1
        ]
      },
      {
        "date" : 785411141.700773,
        "title" : "Untitled",
        "transform" : [
          0.25380644,
          1.7203192e-08,
          -0.9672551,
          0,
          -0.96334827,
          0.08978779,
          -0.2527813,
          0,
          0.0868477,
          0.9959609,
          0.022788795,
          0,
          3.709452,
          42.53966,
          0.973355,
          1
        ]
      },
      {
        "date" : 785411136.163036,
        "title" : "Untitled",
        "transform" : [
          0.25380644,
          1.7203192e-08,
          -0.9672551,
          0,
          -0.96334827,
          0.08978779,
          -0.2527813,
          0,
          0.0868477,
          0.9959609,
          0.022788795,
          0,
          2.0146685,
          23.104038,
          0.5286462,
          1
        ]
      },
      {
        "date" : 784809251.853884,
        "title" : "Untitled",
        "transform" : [
          0.2950997,
          1.7624114e-08,
          -0.95546645,
          0,
          -0.5482239,
          0.81901217,
          -0.16932118,
          0,
          0.7825387,
          0.57377625,
          0.24169032,
          0,
          57.130363,
          41.88937,
          17.644943,
          1
        ]
      }
    ]
  },
  "sceneViewportBackgroundColors" : {

  }
}